image_width: 640
image_height: 480
camera_name: narrow_stereo
camera_matrix:
  rows: 3
  cols: 3
  data: [545.29621,   0.     , 344.24535,
           0.     , 545.42183, 229.35168,
           0.     ,   0.     ,   1.     ]
distortion_model: plumb_bob
distortion_coefficients:
  rows: 1
  cols: 5
  data: [0.035236, -0.046989, 0.006209, 0.005604, 0.000000]
rectification_matrix:
  rows: 3
  cols: 3
  data: [1., 0., 0.,
         0., 1., 0.,
         0., 0., 1.]
projection_matrix:
  rows: 3
  cols: 4
  data: [549.55017,   0.     , 347.54682,   0.     ,
           0.     , 551.31506, 231.64285,   0.     ,
           0.     ,   0.     ,   1.     ,   0.     ]
